0	0	0	0	0	0	0	0	0	0	0	
0	0	0	0	0	0	0	0	0	0	0	
0	0	0	0	0	0	0	0	0	0	0	
0	0	0	0	0	0	0	0	0	0	0	
0	0	0	0	0	0	0	0	0	0	0	
0	0	0	0	0	0.00012341	0	0	0	0	0	
0	0	0	0	0	0	0	0	0	0	0	
0	0	0	0	0	0	0	0	0	0	0	
0	0	0	0	0	0	0	0	0	0	0	
0	0	0	0	0	0	0	0	0	0	0	
0	0	0	0	0	0	0	0	0	0	0	

0	0	0	0	0	0	0	0	0	0	0	
0	0	0	0	0	0	0	0	0	0	0	
0	0	0	0	0	0	0	0	0	0	0	
0	0	0	0	0	0	0	0	0	0	0	
0	0	0	0	0	3.08244e-005	0	0	0	0	0	
0	0	0	0	3.08244e-005	0.00016617	3.08244e-005	0	0	0	0	
0	0	0	0	0	3.08244e-005	0	0	0	0	0	
0	0	0	0	0	0	0	0	0	0	0	
0	0	0	0	0	0	0	0	0	0	0	
0	0	0	0	0	0	0	0	0	0	0	
0	0	0	0	0	0	0	0	0	0	0	

0	0	0	0	0	0	0	0	0	0	0	
0	0	0	0	0	0	0	0	0	0	0	
0	0	0	0	0	0	0	0	0	0	0	
0	0	0	0	0	7.69907e-006	0	0	0	0	0	
0	0	0	0	1.53981e-005	7.23571e-005	1.53981e-005	0	0	0	0	
0	0	0	7.69907e-006	7.23571e-005	0.00022263	7.23571e-005	7.69907e-006	0	0	0	
0	0	0	0	1.53981e-005	7.23571e-005	1.53981e-005	0	0	0	0	
0	0	0	0	0	7.69907e-006	0	0	0	0	0	
0	0	0	0	0	0	0	0	0	0	0	
0	0	0	0	0	0	0	0	0	0	0	
0	0	0	0	0	0	0	0	0	0	0	

0	0	0	0	0	0	0	0	0	0	0	
0	0	0	0	0	0	0	0	0	0	0	
0	0	0	0	0	1.92301e-006	0	0	0	0	0	
0	0	0	0	5.76904e-006	2.57789e-005	5.76904e-006	0	0	0	0	
0	0	0	5.76904e-006	5.15578e-005	0.000106821	5.15578e-005	5.76904e-006	0	0	0	
0	0	1.92301e-006	2.57789e-005	0.000106821	0.000296786	0.000106821	2.57789e-005	1.92301e-006	0	0	
0	0	0	5.76904e-006	5.15578e-005	0.000106821	5.15578e-005	5.76904e-006	0	0	0	
0	0	0	0	5.76904e-006	2.57789e-005	5.76904e-006	0	0	0	0	
0	0	0	0	0	1.92301e-006	0	0	0	0	0	
0	0	0	0	0	0	0	0	0	0	0	
0	0	0	0	0	0	0	0	0	0	0	

0	0	0	0	0	-1.60105e-007	0	0	0	0	0	
0	0	0	0	0	4.80316e-007	0	0	0	0	0	
0	0	0	0	1.92126e-006	8.36362e-006	1.92126e-006	0	0	0	0	
0	0	0	2.8819e-006	2.50909e-005	4.81463e-005	2.50909e-005	2.8819e-006	0	0	0	
0	0	1.92126e-006	2.50909e-005	9.24501e-005	0.000140884	9.24501e-005	2.50909e-005	1.92126e-006	0	0	
-1.60105e-007	4.80316e-007	8.36362e-006	4.81463e-005	0.000140884	0.000393669	0.000140884	4.81463e-005	8.36362e-006	4.80316e-007	-1.60105e-007	
0	0	1.92126e-006	2.50909e-005	9.24501e-005	0.000140884	9.24501e-005	2.50909e-005	1.92126e-006	0	0	
0	0	0	2.8819e-006	2.50909e-005	4.81463e-005	2.50909e-005	2.8819e-006	0	0	0	
0	0	0	0	1.92126e-006	8.36362e-006	1.92126e-006	0	0	0	0	
0	0	0	0	0	4.80316e-007	0	0	0	0	0	
0	0	0	0	0	-1.60105e-007	0	0	0	0	0	

0	0	0	0	-1.99949e-007	-4.16307e-007	-1.99949e-007	0	0	0	0	
0	0	0	0	5.99848e-007	2.52976e-006	5.99848e-007	0	0	0	0	
0	0	0	1.1997e-006	1.0279e-005	1.95536e-005	1.0279e-005	1.1997e-006	0	0	0	
0	0	1.1997e-006	1.54185e-005	5.56615e-005	7.22232e-005	5.56615e-005	1.54185e-005	1.1997e-006	0	0	
-1.99949e-007	5.99848e-007	1.0279e-005	5.56615e-005	0.000123888	0.000190728	0.000123888	5.56615e-005	1.0279e-005	5.99848e-007	-1.99949e-007	
-4.16307e-007	2.52976e-006	1.95536e-005	7.22232e-005	0.000190728	0.000519575	0.000190728	7.22232e-005	1.95536e-005	2.52976e-006	-4.16307e-007	
-1.99949e-007	5.99848e-007	1.0279e-005	5.56615e-005	0.000123888	0.000190728	0.000123888	5.56615e-005	1.0279e-005	5.99848e-007	-1.99949e-007	
0	0	1.1997e-006	1.54185e-005	5.56615e-005	7.22232e-005	5.56615e-005	1.54185e-005	1.1997e-006	0	0	
0	0	0	1.1997e-006	1.0279e-005	1.95536e-005	1.0279e-005	1.1997e-006	0	0	0	
0	0	0	0	5.99848e-007	2.52976e-006	5.99848e-007	0	0	0	0	
0	0	0	0	-1.99949e-007	-4.16307e-007	-1.99949e-007	0	0	0	0	

0	0	0	-1.49825e-007	-7.16712e-007	1.38743e-008	-7.16712e-007	-1.49825e-007	0	0	0	
0	0	0	4.49476e-007	3.74973e-006	7.13136e-006	3.74973e-006	4.49476e-007	0	0	0	
0	0	5.99302e-007	7.61932e-006	2.76032e-005	3.50138e-005	2.76032e-005	7.61932e-006	5.99302e-007	0	0	
-1.49825e-007	4.49476e-007	7.61932e-006	4.09554e-005	8.60231e-005	0.000104471	8.60231e-005	4.09554e-005	7.61932e-006	4.49476e-007	-1.49825e-007	
-7.16712e-007	3.74973e-006	2.76032e-005	8.60231e-005	0.000154634	0.00025972	0.000154634	8.60231e-005	2.76032e-005	3.74973e-006	-7.16712e-007	
1.38743e-008	7.13136e-006	3.50138e-005	0.000104471	0.00025972	0.000682329	0.00025972	0.000104471	3.50138e-005	7.13136e-006	1.38743e-008	
-7.16712e-007	3.74973e-006	2.76032e-005	8.60231e-005	0.000154634	0.00025972	0.000154634	8.60231e-005	2.76032e-005	3.74973e-006	-7.16712e-007	
-1.49825e-007	4.49476e-007	7.61932e-006	4.09554e-005	8.60231e-005	0.000104471	8.60231e-005	4.09554e-005	7.61932e-006	4.49476e-007	-1.49825e-007	
0	0	5.99302e-007	7.61932e-006	2.76032e-005	3.50138e-005	2.76032e-005	7.61932e-006	5.99302e-007	0	0	
0	0	0	4.49476e-007	3.74973e-006	7.13136e-006	3.74973e-006	4.49476e-007	0	0	0	
0	0	0	-1.49825e-007	-7.16712e-007	1.38743e-008	-7.16712e-007	-1.49825e-007	0	0	0	

0	0	-8.73186e-008	-6.84512e-007	-4.09935e-007	2.05925e-006	-4.09935e-007	-6.84512e-007	-8.73186e-008	0	0	
0	0	2.61956e-007	3.25214e-006	1.17623e-005	1.52302e-005	1.17623e-005	3.25214e-006	2.61956e-007	0	0	
-8.73186e-008	2.61956e-007	4.40604e-006	2.38126e-005	5.04207e-005	5.71562e-005	5.04207e-005	2.38126e-005	4.40604e-006	2.61956e-007	-8.73186e-008	
-6.84512e-007	3.25214e-006	2.38126e-005	7.23527e-005	0.000112281	0.000148931	0.000112281	7.23527e-005	2.38126e-005	3.25214e-006	-6.84512e-007	
-4.09935e-007	1.17623e-005	5.04207e-005	0.000112281	0.0002036	0.000342996	0.0002036	0.000112281	5.04207e-005	1.17623e-005	-4.09935e-007	
2.05925e-006	1.52302e-005	5.71562e-005	0.000148931	0.000342996	0.000891595	0.000342996	0.000148931	5.71562e-005	1.52302e-005	2.05925e-006	
-4.09935e-007	1.17623e-005	5.04207e-005	0.000112281	0.0002036	0.000342996	0.0002036	0.000112281	5.04207e-005	1.17623e-005	-4.09935e-007	
-6.84512e-007	3.25214e-006	2.38126e-005	7.23527e-005	0.000112281	0.000148931	0.000112281	7.23527e-005	2.38126e-005	3.25214e-006	-6.84512e-007	
-8.73186e-008	2.61956e-007	4.40604e-006	2.38126e-005	5.04207e-005	5.71562e-005	5.04207e-005	2.38126e-005	4.40604e-006	2.61956e-007	-8.73186e-008	
0	0	2.61956e-007	3.25214e-006	1.17623e-005	1.52302e-005	1.17623e-005	3.25214e-006	2.61956e-007	0	0	
0	0	-8.73186e-008	-6.84512e-007	-4.09935e-007	2.05925e-006	-4.09935e-007	-6.84512e-007	-8.73186e-008	0	0	

1.45399e-008	-4.36195e-008	-4.84879e-007	-8.3793e-007	3.24866e-006	6.32365e-006	3.24866e-006	-8.3793e-007	-4.84879e-007	-4.36195e-008	1.45399e-008	
-4.36195e-008	1.30859e-007	2.15319e-006	1.15857e-005	2.51309e-005	2.87789e-005	2.51309e-005	1.15857e-005	2.15319e-006	1.30859e-007	-4.36195e-008	
-4.84879e-007	2.15319e-006	1.5837e-005	4.87931e-005	7.40697e-005	8.83848e-005	7.40697e-005	4.87931e-005	1.5837e-005	2.15319e-006	-4.84879e-007	
-8.3793e-007	1.15857e-005	4.87931e-005	9.9448e-005	0.000145078	0.000200633	0.000145078	9.9448e-005	4.87931e-005	1.15857e-005	-8.3793e-007	
3.24866e-006	2.51309e-005	7.40697e-005	0.000145078	0.000276583	0.00044519	0.000276583	0.000145078	7.40697e-005	2.51309e-005	3.24866e-006	
6.32365e-006	2.87789e-005	8.83848e-005	0.000200633	0.00044519	0.00115923	0.00044519	0.000200633	8.83848e-005	2.87789e-005	6.32365e-006	
3.24866e-006	2.51309e-005	7.40697e-005	0.000145078	0.000276583	0.00044519	0.000276583	0.000145078	7.40697e-005	2.51309e-005	3.24866e-006	
-8.3793e-007	1.15857e-005	4.87931e-005	9.9448e-005	0.000145078	0.000200633	0.000145078	9.9448e-005	4.87931e-005	1.15857e-005	-8.3793e-007	
-4.84879e-007	2.15319e-006	1.5837e-005	4.87931e-005	7.40697e-005	8.83848e-005	7.40697e-005	4.87931e-005	1.5837e-005	2.15319e-006	-4.84879e-007	
-4.36195e-008	1.30859e-007	2.15319e-006	1.15857e-005	2.51309e-005	2.87789e-005	2.51309e-005	1.15857e-005	2.15319e-006	1.30859e-007	-4.36195e-008	
1.45399e-008	-4.36195e-008	-4.84879e-007	-8.3793e-007	3.24866e-006	6.32365e-006	3.24866e-006	-8.3793e-007	-4.84879e-007	-4.36195e-008	1.45399e-008	

5.40987e-008	-2.78615e-007	-8.93177e-007	2.26078e-006	1.1952e-005	1.42919e-005	1.1952e-005	2.26078e-006	-8.93177e-007	-2.78615e-007	5.40987e-008	
-2.78615e-007	1.1848e-006	8.65421e-006	2.71368e-005	4.27855e-005	4.97845e-005	4.27855e-005	2.71368e-005	8.65421e-006	1.1848e-006	-2.78615e-007	
-8.93177e-007	8.65421e-006	3.68954e-005	7.52144e-005	0.000100493	0.000125611	0.000100493	7.52144e-005	3.68954e-005	8.65421e-006	-8.93177e-007	
2.26078e-006	2.71368e-005	7.52144e-005	0.000124033	0.000195465	0.000257629	0.000195465	0.000124033	7.52144e-005	2.71368e-005	2.26078e-006	
1.1952e-005	4.27855e-005	0.000100493	0.000195465	0.0003681	0.000580421	0.0003681	0.000195465	0.000100493	4.27855e-005	1.1952e-005	
1.42919e-005	4.97845e-005	0.000125611	0.000257629	0.000580421	0.00149969	0.000580421	0.000257629	0.000125611	4.97845e-005	1.42919e-005	
1.1952e-005	4.27855e-005	0.000100493	0.000195465	0.0003681	0.000580421	0.0003681	0.000195465	0.000100493	4.27855e-005	1.1952e-005	
2.26078e-006	2.71368e-005	7.52144e-005	0.000124033	0.000195465	0.000257629	0.000195465	0.000124033	7.52144e-005	2.71368e-005	2.26078e-006	
-8.93177e-007	8.65421e-006	3.68954e-005	7.52144e-005	0.000100493	0.000125611	0.000100493	7.52144e-005	3.68954e-005	8.65421e-006	-8.93177e-007	
-2.78615e-007	1.1848e-006	8.65421e-006	2.71368e-005	4.27855e-005	4.97845e-005	4.27855e-005	2.71368e-005	8.65421e-006	1.1848e-006	-2.78615e-007	
5.40987e-008	-2.78615e-007	-8.93177e-007	2.26078e-006	1.1952e-005	1.42919e-005	1.1952e-005	2.26078e-006	-8.93177e-007	-2.78615e-007	5.40987e-008	

-4.24467e-008	-6.54406e-007	8.31411e-007	1.19653e-005	2.51055e-005	2.87591e-005	2.51055e-005	1.19653e-005	8.31411e-007	-6.54406e-007	-4.24467e-008	
-6.54406e-007	5.239e-006	2.25752e-005	4.77752e-005	6.4992e-005	7.73681e-005	6.4992e-005	4.77752e-005	2.25752e-005	5.239e-006	-6.54406e-007	
8.31411e-007	2.25752e-005	6.2988e-005	9.85637e-005	0.000136184	0.000164325	0.000136184	9.85637e-005	6.2988e-005	2.25752e-005	8.31411e-007	
1.19653e-005	4.77752e-005	9.85637e-005	0.000159914	0.000262935	0.000331222	0.000262935	0.000159914	9.85637e-005	4.77752e-005	1.19653e-005	
2.51055e-005	6.4992e-005	0.000136184	0.000262935	0.000479442	0.000758571	0.000479442	0.000262935	0.000136184	6.4992e-005	2.51055e-005	
2.87591e-005	7.73681e-005	0.000164325	0.000331222	0.000758571	0.00193046	0.000758571	0.000331222	0.000164325	7.73681e-005	2.87591e-005	
2.51055e-005	6.4992e-005	0.000136184	0.000262935	0.000479442	0.000758571	0.000479442	0.000262935	0.000136184	6.4992e-005	2.51055e-005	
1.19653e-005	4.77752e-005	9.85637e-005	0.000159914	0.000262935	0.000331222	0.000262935	0.000159914	9.85637e-005	4.77752e-005	1.19653e-005	
8.31411e-007	2.25752e-005	6.2988e-005	9.85637e-005	0.000136184	0.000164325	0.000136184	9.85637e-005	6.2988e-005	2.25752e-005	8.31411e-007	
-6.54406e-007	5.239e-006	2.25752e-005	4.77752e-005	6.4992e-005	7.73681e-005	6.4992e-005	4.77752e-005	2.25752e-005	5.239e-006	-6.54406e-007	
-4.24467e-008	-6.54406e-007	8.31411e-007	1.19653e-005	2.51055e-005	2.87591e-005	2.51055e-005	1.19653e-005	8.31411e-007	-6.54406e-007	-4.24467e-008	

-6.74466e-007	1.77356e-008	8.47789e-006	2.83767e-005	4.2091e-005	5.08386e-005	4.2091e-005	2.83767e-005	8.47789e-006	1.77356e-008	-6.74466e-007	
1.77356e-008	1.50094e-005	4.31234e-005	7.01609e-005	9.38087e-005	0.000108347	9.38087e-005	7.01609e-005	4.31234e-005	1.50094e-005	1.77356e-008	
8.47789e-006	4.31234e-005	8.66643e-005	0.000125062	0.000183384	0.000208948	0.000183384	0.000125062	8.66643e-005	4.31234e-005	8.47789e-006	
2.83767e-005	7.01609e-005	0.000125062	0.000216612	0.000344148	0.000435756	0.000344148	0.000216612	0.000125062	7.01609e-005	2.83767e-005	
4.2091e-005	9.38087e-005	0.000183384	0.000344148	0.000622066	0.000983248	0.000622066	0.000344148	0.000183384	9.38087e-005	4.2091e-005	
5.08386e-005	0.000108347	0.000208948	0.000435756	0.000983248	0.00247257	0.000983248	0.000435756	0.000208948	0.000108347	5.08386e-005	
4.2091e-005	9.38087e-005	0.000183384	0.000344148	0.000622066	0.000983248	0.000622066	0.000344148	0.000183384	9.38087e-005	4.2091e-005	
2.83767e-005	7.01609e-005	0.000125062	0.000216612	0.000344148	0.000435756	0.000344148	0.000216612	0.000125062	7.01609e-005	2.83767e-005	
8.47789e-006	4.31234e-005	8.66643e-005	0.000125062	0.000183384	0.000208948	0.000183384	0.000125062	8.66643e-005	4.31234e-005	8.47789e-006	
1.77356e-008	1.50094e-005	4.31234e-005	7.01609e-005	9.38087e-005	0.000108347	9.38087e-005	7.01609e-005	4.31234e-005	1.50094e-005	1.77356e-008	
-6.74466e-007	1.77356e-008	8.47789e-006	2.83767e-005	4.2091e-005	5.08386e-005	4.2091e-005	2.83767e-005	8.47789e-006	1.77356e-008	-6.74466e-007	

-1.73053e-006	4.57032e-006	2.40745e-005	4.7961e-005	6.45703e-005	7.76846e-005	6.45703e-005	4.7961e-005	2.40745e-005	4.57032e-006	-1.73053e-006	
4.57032e-006	3.1335e-005	6.56245e-005	9.49761e-005	0.000129806	0.000142827	0.000129806	9.49761e-005	6.56245e-005	3.1335e-005	4.57032e-006	
2.40745e-005	6.56245e-005	0.000107771	0.000165691	0.000240183	0.000272324	0.000240183	0.000165691	0.000107771	6.56245e-005	2.40745e-005	
4.7961e-005	9.49761e-005	0.000165691	0.000291286	0.000445649	0.000574626	0.000445649	0.000291286	0.000165691	9.49761e-005	4.7961e-005	
6.45703e-005	0.000129806	0.000240183	0.000445649	0.000806284	0.00126274	0.000806284	0.000445649	0.000240183	0.000129806	6.45703e-005	
7.76846e-005	0.000142827	0.000272324	0.000574626	0.00126274	0.00315111	0.00126274	0.000574626	0.000272324	0.000142827	7.76846e-005	
6.45703e-005	0.000129806	0.000240183	0.000445649	0.000806284	0.00126274	0.000806284	0.000445649	0.000240183	0.000129806	6.45703e-005	
4.7961e-005	9.49761e-005	0.000165691	0.000291286	0.000445649	0.000574626	0.000445649	0.000291286	0.000165691	9.49761e-005	4.7961e-005	
2.40745e-005	6.56245e-005	0.000107771	0.000165691	0.000240183	0.000272324	0.000240183	0.000165691	0.000107771	6.56245e-005	2.40745e-005	
4.57032e-006	3.1335e-005	6.56245e-005	9.49761e-005	0.000129806	0.000142827	0.000129806	9.49761e-005	6.56245e-005	3.1335e-005	4.57032e-006	
-1.73053e-006	4.57032e-006	2.40745e-005	4.7961e-005	6.45703e-005	7.76846e-005	6.45703e-005	4.7961e-005	2.40745e-005	4.57032e-006	-1.73053e-006	

-1.24605e-006	1.57186e-005	4.46355e-005	6.86034e-005	9.4119e-005	0.00010643	9.4119e-005	6.86034e-005	4.46355e-005	1.57186e-005	-1.24605e-006	
1.57186e-005	5.14196e-005	8.70413e-005	0.000127079	0.000171631	0.000186876	0.000171631	0.000127079	8.70413e-005	5.14196e-005	1.57186e-005	
4.46355e-005	8.70413e-005	0.000136757	0.000224166	0.000310154	0.000362806	0.000310154	0.000224166	0.000136757	8.70413e-005	4.46355e-005	
6.86034e-005	0.000127079	0.000224166	0.000380331	0.000579566	0.000745431	0.000579566	0.000380331	0.000224166	0.000127079	6.86034e-005	
9.4119e-005	0.000171631	0.000310154	0.000579566	0.00103837	0.001614	0.00103837	0.000579566	0.000310154	0.000171631	9.4119e-005	
0.00010643	0.000186876	0.000362806	0.000745431	0.001614	0.00399585	0.001614	0.000745431	0.000362806	0.000186876	0.00010643	
9.4119e-005	0.000171631	0.000310154	0.000579566	0.00103837	0.001614	0.00103837	0.000579566	0.000310154	0.000171631	9.4119e-005	
6.86034e-005	0.000127079	0.000224166	0.000380331	0.000579566	0.000745431	0.000579566	0.000380331	0.000224166	0.000127079	6.86034e-005	
4.46355e-005	8.70413e-005	0.000136757	0.000224166	0.000310154	0.000362806	0.000310154	0.000224166	0.000136757	8.70413e-005	4.46355e-005	
1.57186e-005	5.14196e-005	8.70413e-005	0.000127079	0.000171631	0.000186876	0.000171631	0.000127079	8.70413e-005	5.14196e-005	1.57186e-005	
-1.24605e-006	1.57186e-005	4.46355e-005	6.86034e-005	9.4119e-005	0.00010643	9.4119e-005	6.86034e-005	4.46355e-005	1.57186e-005	-1.24605e-006	

4.35736e-006	3.28375e-005	6.47908e-005	9.32957e-005	0.000129212	0.000139967	0.000129212	9.32957e-005	6.47908e-005	3.28375e-005	4.35736e-006	
3.28375e-005	7.14646e-005	0.000111387	0.000169954	0.000221375	0.000247159	0.000221375	0.000169954	0.000111387	7.14646e-005	3.28375e-005	
6.47908e-005	0.000111387	0.000184573	0.000297043	0.000404491	0.000478613	0.000404491	0.000297043	0.000184573	0.000111387	6.47908e-005	
9.32957e-005	0.000169954	0.000297043	0.000490892	0.000752453	0.000954756	0.000752453	0.000490892	0.000297043	0.000169954	9.32957e-005	
0.000129212	0.000221375	0.000404491	0.000752453	0.00132882	0.00205569	0.00132882	0.000752453	0.000404491	0.000221375	0.000129212	
0.000139967	0.000247159	0.000478613	0.000954756	0.00205569	0.00504177	0.00205569	0.000954756	0.000478613	0.000247159	0.000139967	
0.000129212	0.000221375	0.000404491	0.000752453	0.00132882	0.00205569	0.00132882	0.000752453	0.000404491	0.000221375	0.000129212	
9.32957e-005	0.000169954	0.000297043	0.000490892	0.000752453	0.000954756	0.000752453	0.000490892	0.000297043	0.000169954	9.32957e-005	
6.47908e-005	0.000111387	0.000184573	0.000297043	0.000404491	0.000478613	0.000404491	0.000297043	0.000184573	0.000111387	6.47908e-005	
3.28375e-005	7.14646e-005	0.000111387	0.000169954	0.000221375	0.000247159	0.000221375	0.000169954	0.000111387	7.14646e-005	3.28375e-005	
4.35736e-006	3.28375e-005	6.47908e-005	9.32957e-005	0.000129212	0.000139967	0.000129212	9.32957e-005	6.47908e-005	3.28375e-005	4.35736e-006	

1.70595e-005	5.16915e-005	8.39737e-005	0.000126506	0.000168635	0.000185281	0.000168635	0.000126506	8.39737e-005	5.16915e-005	1.70595e-005	
5.16915e-005	9.21567e-005	0.000147031	0.00022364	0.000287433	0.000325598	0.000287433	0.00022364	0.000147031	9.21567e-005	5.16915e-005	
8.39737e-005	0.000147031	0.000252013	0.00038534	0.000531678	0.00061851	0.000531678	0.00038534	0.000252013	0.000147031	8.39737e-005	
0.000126506	0.00022364	0.00038534	0.000635278	0.000967587	0.00121908	0.000967587	0.000635278	0.00038534	0.00022364	0.000126506	
0.000168635	0.000287433	0.000531678	0.000967587	0.00169445	0.00260512	0.00169445	0.000967587	0.000531678	0.000287433	0.000168635	
0.000185281	0.000325598	0.00061851	0.00121908	0.00260512	0.00632972	0.00260512	0.00121908	0.00061851	0.000325598	0.000185281	
0.000168635	0.000287433	0.000531678	0.000967587	0.00169445	0.00260512	0.00169445	0.000967587	0.000531678	0.000287433	0.000168635	
0.000126506	0.00022364	0.00038534	0.000635278	0.000967587	0.00121908	0.000967587	0.000635278	0.00038534	0.00022364	0.000126506	
8.39737e-005	0.000147031	0.000252013	0.00038534	0.000531678	0.00061851	0.000531678	0.00038534	0.000252013	0.000147031	8.39737e-005	
5.16915e-005	9.21567e-005	0.000147031	0.00022364	0.000287433	0.000325598	0.000287433	0.00022364	0.000147031	9.21567e-005	5.16915e-005	
1.70595e-005	5.16915e-005	8.39737e-005	0.000126506	0.000168635	0.000185281	0.000168635	0.000126506	8.39737e-005	5.16915e-005	1.70595e-005	

3.42541e-005	6.93716e-005	0.00010883	0.000169058	0.000217504	0.00024633	0.000217504	0.000169058	0.00010883	6.93716e-005	3.42541e-005	
6.93716e-005	0.000120047	0.000198575	0.000290252	0.000378423	0.000423087	0.000378423	0.000290252	0.000198575	0.000120047	6.93716e-005	
0.00010883	0.000198575	0.000333613	0.000498926	0.000691874	0.000791874	0.000691874	0.000498926	0.000333613	0.000198575	0.00010883	
0.000169058	0.000290252	0.000498926	0.000820812	0.00123521	0.00155396	0.00123521	0.000820812	0.000498926	0.000290252	0.000169058	
0.000217504	0.000378423	0.000691874	0.00123521	0.0021519	0.00328374	0.0021519	0.00123521	0.000691874	0.000378423	0.000217504	
0.00024633	0.000423087	0.000791874	0.00155396	0.00328374	0.00790706	0.00328374	0.00155396	0.000791874	0.000423087	0.00024633	
0.000217504	0.000378423	0.000691874	0.00123521	0.0021519	0.00328374	0.0021519	0.00123521	0.000691874	0.000378423	0.000217504	
0.000169058	0.000290252	0.000498926	0.000820812	0.00123521	0.00155396	0.00123521	0.000820812	0.000498926	0.000290252	0.000169058	
0.00010883	0.000198575	0.000333613	0.000498926	0.000691874	0.000791874	0.000691874	0.000498926	0.000333613	0.000198575	0.00010883	
6.93716e-005	0.000120047	0.000198575	0.000290252	0.000378423	0.000423087	0.000378423	0.000290252	0.000198575	0.000120047	6.93716e-005	
3.42541e-005	6.93716e-005	0.00010883	0.000169058	0.000217504	0.00024633	0.000217504	0.000169058	0.00010883	6.93716e-005	3.42541e-005	

5.10495e-005	8.92204e-005	0.000146613	0.000220658	0.000285376	0.000323121	0.000285376	0.000220658	0.000146613	8.92204e-005	5.10495e-005	
8.92204e-005	0.000161851	0.000264716	0.000377838	0.000496644	0.000546228	0.000496644	0.000377838	0.000264716	0.000161851	8.92204e-005	
0.000146613	0.000264716	0.000430337	0.000647692	0.000886272	0.00101352	0.000886272	0.000647692	0.000430337	0.000264716	0.000146613	
0.000220658	0.000377838	0.000647692	0.00105256	0.00157219	0.00197131	0.00157219	0.00105256	0.000647692	0.000377838	0.000220658	
0.000285376	0.000496644	0.000886272	0.00157219	0.00271683	0.00411968	0.00271683	0.00157219	0.000886272	0.000496644	0.000285376	
0.000323121	0.000546228	0.00101352	0.00197131	0.00411968	0.0098282	0.00411968	0.00197131	0.00101352	0.000546228	0.000323121	
0.000285376	0.000496644	0.000886272	0.00157219	0.00271683	0.00411968	0.00271683	0.00157219	0.000886272	0.000496644	0.000285376	
0.000220658	0.000377838	0.000647692	0.00105256	0.00157219	0.00197131	0.00157219	0.00105256	0.000647692	0.000377838	0.000220658	
0.000146613	0.000264716	0.000430337	0.000647692	0.000886272	0.00101352	0.000886272	0.000647692	0.000430337	0.000264716	0.000146613	
8.92204e-005	0.000161851	0.000264716	0.000377838	0.000496644	0.000546228	0.000496644	0.000377838	0.000264716	0.000161851	8.92204e-005	
5.10495e-005	8.92204e-005	0.000146613	0.000220658	0.000285376	0.000323121	0.000285376	0.000220658	0.000146613	8.92204e-005	5.10495e-005	

6.66798e-005	0.000118671	0.000198491	0.000286396	0.000377728	0.000418738	0.000377728	0.000286396	0.000198491	0.000118671	6.66798e-005	
0.000118671	0.000218759	0.000345288	0.000494987	0.000642125	0.00070559	0.000642125	0.000494987	0.000345288	0.000218759	0.000118671	
0.000198491	0.000345288	0.000552905	0.000835482	0.00112687	0.00129411	0.00112687	0.000835482	0.000552905	0.000345288	0.000198491	
0.000286396	0.000494987	0.000835482	0.00134164	0.00199365	0.00248666	0.00199365	0.00134164	0.000835482	0.000494987	0.000286396	
0.000377728	0.000642125	0.00112687	0.00199365	0.00341075	0.00514406	0.00341075	0.00199365	0.00112687	0.000642125	0.000377728	
0.000418738	0.00070559	0.00129411	0.00248666	0.00514406	0.0121552	0.00514406	0.00248666	0.00129411	0.00070559	0.000418738	
0.000377728	0.000642125	0.00112687	0.00199365	0.00341075	0.00514406	0.00341075	0.00199365	0.00112687	0.000642125	0.000377728	
0.000286396	0.000494987	0.000835482	0.00134164	0.00199365	0.00248666	0.00199365	0.00134164	0.000835482	0.000494987	0.000286396	
0.000198491	0.000345288	0.000552905	0.000835482	0.00112687	0.00129411	0.00112687	0.000835482	0.000552905	0.000345288	0.000198491	
0.000118671	0.000218759	0.000345288	0.000494987	0.000642125	0.00070559	0.000642125	0.000494987	0.000345288	0.000218759	0.000118671	
6.66798e-005	0.000118671	0.000198491	0.000286396	0.000377728	0.000418738	0.000377728	0.000286396	0.000198491	0.000118671	6.66798e-005	

8.689e-005	0.000162024	0.000262506	0.000375638	0.00049412	0.000542303	0.00049412	0.000375638	0.000262506	0.000162024	8.689e-005	
0.000162024	0.000288875	0.000446838	0.000644442	0.000821743	0.000908597	0.000821743	0.000644442	0.000446838	0.000288875	0.000162024	
0.000262506	0.000446838	0.000712918	0.00106685	0.00143188	0.00164203	0.00143188	0.00106685	0.000712918	0.000446838	0.000262506	
0.000375638	0.000644442	0.00106685	0.00170358	0.00251285	0.00312161	0.00251285	0.00170358	0.00106685	0.000644442	0.000375638	
0.00049412	0.000821743	0.00143188	0.00251285	0.00426263	0.00639001	0.00426263	0.00251285	0.00143188	0.000821743	0.00049412	
0.000542303	0.000908597	0.00164203	0.00312161	0.00639001	0.0149582	0.00639001	0.00312161	0.00164203	0.000908597	0.000542303	
0.00049412	0.000821743	0.00143188	0.00251285	0.00426263	0.00639001	0.00426263	0.00251285	0.00143188	0.000821743	0.00049412	
0.000375638	0.000644442	0.00106685	0.00170358	0.00251285	0.00312161	0.00251285	0.00170358	0.00106685	0.000644442	0.000375638	
0.000262506	0.000446838	0.000712918	0.00106685	0.00143188	0.00164203	0.00143188	0.00106685	0.000712918	0.000446838	0.000262506	
0.000162024	0.000288875	0.000446838	0.000644442	0.000821743	0.000908597	0.000821743	0.000644442	0.000446838	0.000288875	0.000162024	
8.689e-005	0.000162024	0.000262506	0.000375638	0.00049412	0.000542303	0.00049412	0.000375638	0.000262506	0.000162024	8.689e-005	

0.000118308	0.000218039	0.000341437	0.000493924	0.000636671	0.000702726	0.000636671	0.000493924	0.000341437	0.000218039	0.000118308	
0.000218039	0.000374534	0.000578708	0.000827191	0.00104933	0.00115992	0.00104933	0.000827191	0.000578708	0.000374534	0.000218039	
0.000341437	0.000578708	0.000916817	0.00135452	0.00181581	0.00207134	0.00181581	0.00135452	0.000916817	0.000578708	0.000341437	
0.000493924	0.000827191	0.00135452	0.00215171	0.00314902	0.00389925	0.00314902	0.00215171	0.00135452	0.000827191	0.000493924	
0.000636671	0.00104933	0.00181581	0.00314902	0.00530314	0.00789697	0.00530314	0.00314902	0.00181581	0.00104933	0.000636671	
0.000702726	0.00115992	0.00207134	0.00389925	0.00789697	0.0183157	0.00789697	0.00389925	0.00207134	0.00115992	0.000702726	
0.000636671	0.00104933	0.00181581	0.00314902	0.00530314	0.00789697	0.00530314	0.00314902	0.00181581	0.00104933	0.000636671	
0.000493924	0.000827191	0.00135452	0.00215171	0.00314902	0.00389925	0.00314902	0.00215171	0.00135452	0.000827191	0.000493924	
0.000341437	0.000578708	0.000916817	0.00135452	0.00181581	0.00207134	0.00181581	0.00135452	0.000916817	0.000578708	0.000341437	
0.000218039	0.000374534	0.000578708	0.000827191	0.00104933	0.00115992	0.00104933	0.000827191	0.000578708	0.000374534	0.000218039	
0.000118308	0.000218039	0.000341437	0.000493924	0.000636671	0.000702726	0.000636671	0.000493924	0.000341437	0.000218039	0.000118308	

0.000162183	0.000285877	0.000443576	0.000641222	0.000815747	0.000904343	0.000815747	0.000641222	0.000443576	0.000285877	0.000162183	
0.000285877	0.00048401	0.000746832	0.00105183	0.00133743	0.00146945	0.00133743	0.00105183	0.000746832	0.00048401	0.000285877	
0.000443576	0.000746832	0.00117047	0.00171549	0.0022899	0.00260191	0.0022899	0.00171549	0.00117047	0.000746832	0.000443576	
0.000641222	0.00105183	0.00171549	0.00269981	0.00392851	0.00484407	0.00392851	0.00269981	0.00171549	0.00105183	0.000641222	
0.000815747	0.00133743	0.0022899	0.00392851	0.0065633	0.00971197	0.0065633	0.00392851	0.0022899	0.00133743	0.000815747	
0.000904343	0.00146945	0.00260191	0.00484407	0.00971197	0.0223149	0.00971197	0.00484407	0.00260191	0.00146945	0.000904343	
0.000815747	0.00133743	0.0022899	0.00392851	0.0065633	0.00971197	0.0065633	0.00392851	0.0022899	0.00133743	0.000815747	
0.000641222	0.00105183	0.00171549	0.00269981	0.00392851	0.00484407	0.00392851	0.00269981	0.00171549	0.00105183	0.000641222	
0.000443576	0.000746832	0.00117047	0.00171549	0.0022899	0.00260191	0.0022899	0.00171549	0.00117047	0.000746832	0.000443576	
0.000285877	0.00048401	0.000746832	0.00105183	0.00133743	0.00146945	0.00133743	0.00105183	0.000746832	0.00048401	0.000285877	
0.000162183	0.000285877	0.000443576	0.000641222	0.000815747	0.000904343	0.000815747	0.000641222	0.000443576	0.000285877	0.000162183	

0.00021637	0.000370702	0.000576171	0.000820629	0.00104443	0.00115265	0.00104443	0.000820629	0.000576171	0.000370702	0.00021637	
0.000370702	0.000625801	0.000955559	0.00133483	0.00169477	0.00185474	0.00169477	0.00133483	0.000955559	0.000625801	0.000370702	
0.000576171	0.000955559	0.00148475	0.00216389	0.00286983	0.00325379	0.00286983	0.00216389	0.00148475	0.000955559	0.000576171	
0.000820629	0.00133483	0.00216389	0.00336999	0.00487861	0.00598737	0.00487861	0.00336999	0.00216389	0.00133483	0.000820629	
0.00104443	0.00169477	0.00286983	0.00487861	0.00808017	0.0118861	0.00808017	0.00487861	0.00286983	0.00169477	0.00104443	
0.00115265	0.00185474	0.00325379	0.00598737	0.0118861	0.0270519	0.0118861	0.00598737	0.00325379	0.00185474	0.00115265	
0.00104443	0.00169477	0.00286983	0.00487861	0.00808017	0.0118861	0.00808017	0.00487861	0.00286983	0.00169477	0.00104443	
0.000820629	0.00133483	0.00216389	0.00336999	0.00487861	0.00598737	0.00487861	0.00336999	0.00216389	0.00133483	0.000820629	
0.000576171	0.000955559	0.00148475	0.00216389	0.00286983	0.00325379	0.00286983	0.00216389	0.00148475	0.000955559	0.000576171	
0.000370702	0.000625801	0.000955559	0.00133483	0.00169477	0.00185474	0.00169477	0.00133483	0.000955559	0.000625801	0.000370702	
0.00021637	0.000370702	0.000576171	0.000820629	0.00104443	0.00115265	0.00104443	0.000820629	0.000576171	0.000370702	0.00021637	

0.000282468	0.000481072	0.000742925	0.00104449	0.00133184	0.00146089	0.00133184	0.00104449	0.000742925	0.000481072	0.000282468	
0.000481072	0.000804887	0.00121407	0.00169164	0.00213322	0.0023342	0.00213322	0.00169164	0.00121407	0.000804887	0.000481072	
0.000742925	0.00121407	0.00187394	0.00271316	0.00357758	0.0040472	0.00357758	0.00271316	0.00187394	0.00121407	0.000742925	
0.00104449	0.00169164	0.00271316	0.00419129	0.00602676	0.00736735	0.00602676	0.00419129	0.00271316	0.00169164	0.00104449	
0.00133184	0.00213322	0.00357758	0.00602676	0.00989894	0.0144736	0.00989894	0.00602676	0.00357758	0.00213322	0.00133184	
0.00146089	0.0023342	0.0040472	0.00736735	0.0144736	0.0326308	0.0144736	0.00736735	0.0040472	0.0023342	0.00146089	
0.00133184	0.00213322	0.00357758	0.00602676	0.00989894	0.0144736	0.00989894	0.00602676	0.00357758	0.00213322	0.00133184	
0.00104449	0.00169164	0.00271316	0.00419129	0.00602676	0.00736735	0.00602676	0.00419129	0.00271316	0.00169164	0.00104449	
0.000742925	0.00121407	0.00187394	0.00271316	0.00357758	0.0040472	0.00357758	0.00271316	0.00187394	0.00121407	0.000742925	
0.000481072	0.000804887	0.00121407	0.00169164	0.00213322	0.0023342	0.00213322	0.00169164	0.00121407	0.000804887	0.000481072	
0.000282468	0.000481072	0.000742925	0.00104449	0.00133184	0.00146089	0.00133184	0.00104449	0.000742925	0.000481072	0.000282468	

0.000367549	0.000623038	0.000949445	0.00132882	0.00168644	0.00184684	0.00168644	0.00132882	0.000949445	0.000623038	0.000367549	
0.000623038	0.00102662	0.0015368	0.00213297	0.00267217	0.00292299	0.00267217	0.00213297	0.0015368	0.00102662	0.000623038	
0.000949445	0.0015368	0.00235272	0.00338278	0.0044377	0.00500743	0.0044377	0.00338278	0.00235272	0.0015368	0.000949445	
0.00132882	0.00213297	0.00338278	0.0051911	0.00740673	0.00902332	0.00740673	0.0051911	0.00338278	0.00213297	0.00132882	
0.00168644	0.00267217	0.0044377	0.00740673	0.0120686	0.0175361	0.0120686	0.00740673	0.0044377	0.00267217	0.00168644	
0.00184684	0.00292299	0.00500743	0.00902332	0.0175361	0.0391639	0.0175361	0.00902332	0.00500743	0.00292299	0.00184684	
0.00168644	0.00267217	0.0044377	0.00740673	0.0120686	0.0175361	0.0120686	0.00740673	0.0044377	0.00267217	0.00168644	
0.00132882	0.00213297	0.00338278	0.0051911	0.00740673	0.00902332	0.00740673	0.0051911	0.00338278	0.00213297	0.00132882	
0.000949445	0.0015368	0.00235272	0.00338278	0.0044377	0.00500743	0.0044377	0.00338278	0.00235272	0.0015368	0.000949445	
0.000623038	0.00102662	0.0015368	0.00213297	0.00267217	0.00292299	0.00267217	0.00213297	0.0015368	0.00102662	0.000623038	
0.000367549	0.000623038	0.000949445	0.00132882	0.00168644	0.00184684	0.00168644	0.00132882	0.000949445	0.000623038	0.000367549	

0.000478744	0.00080043	0.00120725	0.00168545	0.00212303	0.00232583	0.00212303	0.00168545	0.00120725	0.00080043	0.000478744	
0.00080043	0.0013016	0.0019381	0.00267138	0.00333387	0.00363833	0.00333387	0.00267138	0.0019381	0.0013016	0.00080043	
0.00120725	0.0019381	0.00293847	0.00419811	0.00547723	0.00616548	0.00547723	0.00419811	0.00293847	0.0019381	0.00120725	
0.00168545	0.00267138	0.00419811	0.00639437	0.00905991	0.0109949	0.00905991	0.00639437	0.00419811	0.00267138	0.00168545	
0.00212303	0.00333387	0.00547723	0.00905991	0.0146408	0.0211431	0.0146408	0.00905991	0.00547723	0.00333387	0.00212303	
0.00232583	0.00363833	0.00616548	0.0109949	0.0211431	0.0467706	0.0211431	0.0109949	0.00616548	0.00363833	0.00232583	
0.00212303	0.00333387	0.00547723	0.00905991	0.0146408	0.0211431	0.0146408	0.00905991	0.00547723	0.00333387	0.00212303	
0.00168545	0.00267138	0.00419811	0.00639437	0.00905991	0.0109949	0.00905991	0.00639437	0.00419811	0.00267138	0.00168545	
0.00120725	0.0019381	0.00293847	0.00419811	0.00547723	0.00616548	0.00547723	0.00419811	0.00293847	0.0019381	0.00120725	
0.00080043	0.0013016	0.0019381	0.00267138	0.00333387	0.00363833	0.00333387	0.00267138	0.0019381	0.0013016	0.00080043	
0.000478744	0.00080043	0.00120725	0.00168545	0.00212303	0.00232583	0.00212303	0.00168545	0.00120725	0.00080043	0.000478744	

0.000619895	0.00102035	0.00153022	0.00212414	0.00266186	0.00291195	0.00266186	0.00212414	0.00153022	0.00102035	0.000619895	
0.00102035	0.00164419	0.00243089	0.00332719	0.00413906	0.00450496	0.00413906	0.00332719	0.00243089	0.00164419	0.00102035	
0.00153022	0.00243089	0.00365373	0.00518554	0.00672868	0.00755477	0.00672868	0.00518554	0.00365373	0.00243089	0.00153022	
0.00212414	0.00332719	0.00518554	0.00783207	0.0110297	0.0133284	0.0110297	0.00783207	0.00518554	0.00332719	0.00212414	
0.00266186	0.00413906	0.00672868	0.0110297	0.0176732	0.0253682	0.0176732	0.0110297	0.00672868	0.00413906	0.00266186	
0.00291195	0.00450496	0.00755477	0.0133284	0.0253682	0.0555762	0.0253682	0.0133284	0.00755477	0.00450496	0.00291195	
0.00266186	0.00413906	0.00672868	0.0110297	0.0176732	0.0253682	0.0176732	0.0110297	0.00672868	0.00413906	0.00266186	
0.00212414	0.00332719	0.00518554	0.00783207	0.0110297	0.0133284	0.0110297	0.00783207	0.00518554	0.00332719	0.00212414	
0.00153022	0.00243089	0.00365373	0.00518554	0.00672868	0.00755477	0.00672868	0.00518554	0.00365373	0.00243089	0.00153022	
0.00102035	0.00164419	0.00243089	0.00332719	0.00413906	0.00450496	0.00413906	0.00332719	0.00243089	0.00164419	0.00102035	
0.000619895	0.00102035	0.00153022	0.00212414	0.00266186	0.00291195	0.00266186	0.00212414	0.00153022	0.00102035	0.000619895	

0.00079534	0.00129493	0.00193046	0.00266004	0.00332277	0.00362472	0.00332277	0.00266004	0.00193046	0.00129493	0.00079534	
0.00129493	0.00206813	0.00303152	0.00412558	0.00511071	0.00555267	0.00511071	0.00412558	0.00303152	0.00206813	0.00129493	
0.00193046	0.00303152	0.00452333	0.00637267	0.00822849	0.00921172	0.00822849	0.00637267	0.00452333	0.00303152	0.00193046	
0.00266004	0.00412558	0.00637267	0.00954507	0.0133601	0.0160787	0.0133601	0.00954507	0.00637267	0.00412558	0.00266004	
0.00332277	0.00511071	0.00822849	0.0133601	0.0212309	0.0302872	0.0212309	0.0133601	0.00822849	0.00511071	0.00332277	
0.00362472	0.00555267	0.00921172	0.0160787	0.0302872	0.0657103	0.0302872	0.0160787	0.00921172	0.00555267	0.00362472	
0.00332277	0.00511071	0.00822849	0.0133601	0.0212309	0.0302872	0.0212309	0.0133601	0.00822849	0.00511071	0.00332277	
0.00266004	0.00412558	0.00637267	0.00954507	0.0133601	0.0160787	0.0133601	0.00954507	0.00637267	0.00412558	0.00266004	
0.00193046	0.00303152	0.00452333	0.00637267	0.00822849	0.00921172	0.00822849	0.00637267	0.00452333	0.00303152	0.00193046	
0.00129493	0.00206813	0.00303152	0.00412558	0.00511071	0.00555267	0.00511071	0.00412558	0.00303152	0.00206813	0.00129493	
0.00079534	0.00129493	0.00193046	0.00266004	0.00332277	0.00362472	0.00332277	0.00266004	0.00193046	0.00129493	0.00079534	

0.00101424	0.00163741	0.00242088	0.00331493	0.00412535	0.00449025	0.00412535	0.00331493	0.00242088	0.00163741	0.00101424	
0.00163741	0.00258708	0.00376239	0.00509197	0.00627885	0.00681198	0.00627885	0.00509197	0.00376239	0.00258708	0.00163741	
0.00242088	0.00376239	0.00557153	0.00779253	0.0100133	0.0111787	0.0100133	0.00779253	0.00557153	0.00376239	0.00242088	
0.00331493	0.00509197	0.00779253	0.0115791	0.0161008	0.0193046	0.0161008	0.0115791	0.00779253	0.00509197	0.00331493	
0.00412535	0.00627885	0.0100133	0.0161008	0.0253808	0.035981	0.0253808	0.0161008	0.0100133	0.00627885	0.00412535	
0.00449025	0.00681198	0.0111787	0.0193046	0.035981	0.0773048	0.035981	0.0193046	0.0111787	0.00681198	0.00449025	
0.00412535	0.00627885	0.0100133	0.0161008	0.0253808	0.035981	0.0253808	0.0161008	0.0100133	0.00627885	0.00412535	
0.00331493	0.00509197	0.00779253	0.0115791	0.0161008	0.0193046	0.0161008	0.0115791	0.00779253	0.00509197	0.00331493	
0.00242088	0.00376239	0.00557153	0.00779253	0.0100133	0.0111787	0.0100133	0.00779253	0.00557153	0.00376239	0.00242088	
0.00163741	0.00258708	0.00376239	0.00509197	0.00627885	0.00681198	0.00627885	0.00509197	0.00376239	0.00258708	0.00163741	
0.00101424	0.00163741	0.00242088	0.00331493	0.00412535	0.00449025	0.00412535	0.00331493	0.00242088	0.00163741	0.00101424	

0.00128884	0.00205997	0.00301982	0.00411249	0.00509443	0.00553681	0.00509443	0.00411249	0.00301982	0.00205997	0.00128884	
0.00205997	0.00321875	0.00464859	0.00625339	0.00767859	0.00831576	0.00767859	0.00625339	0.00464859	0.00321875	0.00205997	
0.00301982	0.00464859	0.00682547	0.0094836	0.0121223	0.0135025	0.0121223	0.0094836	0.00682547	0.00464859	0.00301982	
0.00411249	0.00625339	0.0094836	0.0139803	0.0193097	0.0230658	0.0193097	0.0139803	0.0094836	0.00625339	0.00411249	
0.00509443	0.00767859	0.0121223	0.0193097	0.0301902	0.0425358	0.0301902	0.0193097	0.0121223	0.00767859	0.00509443	
0.00553681	0.00831576	0.0135025	0.0230658	0.0425358	0.0904915	0.0425358	0.0230658	0.0135025	0.00831576	0.00553681	
0.00509443	0.00767859	0.0121223	0.0193097	0.0301902	0.0425358	0.0301902	0.0193097	0.0121223	0.00767859	0.00509443	
0.00411249	0.00625339	0.0094836	0.0139803	0.0193097	0.0230658	0.0193097	0.0139803	0.0094836	0.00625339	0.00411249	
0.00301982	0.00464859	0.00682547	0.0094836	0.0121223	0.0135025	0.0121223	0.0094836	0.00682547	0.00464859	0.00301982	
0.00205997	0.00321875	0.00464859	0.00625339	0.00767859	0.00831576	0.00767859	0.00625339	0.00464859	0.00321875	0.00205997	
0.00128884	0.00205997	0.00301982	0.00411249	0.00509443	0.00553681	0.00509443	0.00411249	0.00301982	0.00205997	0.00128884	

0.00163065	0.0025768	0.00375007	0.00507688	0.00626142	0.00679381	0.00626142	0.00507688	0.00375007	0.0025768	0.00163065	
0.0025768	0.00398582	0.0057154	0.00764203	0.00934597	0.0101027	0.00934597	0.00764203	0.0057154	0.00398582	0.0025768	
0.00375007	0.0057154	0.00831982	0.0114861	0.0146022	0.0162299	0.0146022	0.0114861	0.00831982	0.0057154	0.00375007	
0.00507688	0.00764203	0.0114861	0.0167975	0.0230481	0.0274251	0.0230481	0.0167975	0.0114861	0.00764203	0.00507688	
0.00626142	0.00934597	0.0146022	0.0230481	0.0357314	0.0500383	0.0357314	0.0230481	0.0146022	0.00934597	0.00626142	
0.00679381	0.0101027	0.0162299	0.0274251	0.0500383	0.105399	0.0500383	0.0274251	0.0162299	0.0101027	0.00679381	
0.00626142	0.00934597	0.0146022	0.0230481	0.0357314	0.0500383	0.0357314	0.0230481	0.0146022	0.00934597	0.00626142	
0.00507688	0.00764203	0.0114861	0.0167975	0.0230481	0.0274251	0.0230481	0.0167975	0.0114861	0.00764203	0.00507688	
0.00375007	0.0057154	0.00831982	0.0114861	0.0146022	0.0162299	0.0146022	0.0114861	0.00831982	0.0057154	0.00375007	
0.0025768	0.00398582	0.0057154	0.00764203	0.00934597	0.0101027	0.00934597	0.00764203	0.0057154	0.00398582	0.0025768	
0.00163065	0.0025768	0.00375007	0.00507688	0.00626142	0.00679381	0.00626142	0.00507688	0.00375007	0.0025768	0.00163065	

0.00205132	0.00320708	0.00463507	0.00623616	0.00766005	0.00829542	0.00766005	0.00623616	0.00463507	0.00320708	0.00205132	
0.00320708	0.00491303	0.00699105	0.00929449	0.0113192	0.0122155	0.0113192	0.00929449	0.00699105	0.00491303	0.00320708	
0.00463507	0.00699105	0.0100949	0.0138426	0.0175071	0.01941	0.0175071	0.0138426	0.0100949	0.00699105	0.00463507	
0.00623616	0.00929449	0.0138426	0.0200839	0.0273769	0.0324498	0.0273769	0.0200839	0.0138426	0.00929449	0.00623616	
0.00766005	0.0113192	0.0175071	0.0273769	0.0420837	0.0585734	0.0420837	0.0273769	0.0175071	0.0113192	0.00766005	
0.00829542	0.0122155	0.01941	0.0324498	0.0585734	0.122151	0.0585734	0.0324498	0.01941	0.0122155	0.00829542	
0.00766005	0.0113192	0.0175071	0.0273769	0.0420837	0.0585734	0.0420837	0.0273769	0.0175071	0.0113192	0.00766005	
0.00623616	0.00929449	0.0138426	0.0200839	0.0273769	0.0324498	0.0273769	0.0200839	0.0138426	0.00929449	0.00623616	
0.00463507	0.00699105	0.0100949	0.0138426	0.0175071	0.01941	0.0175071	0.0138426	0.0100949	0.00699105	0.00463507	
0.00320708	0.00491303	0.00699105	0.00929449	0.0113192	0.0122155	0.0113192	0.00929449	0.00699105	0.00491303	0.00320708	
0.00205132	0.00320708	0.00463507	0.00623616	0.00766005	0.00829542	0.00766005	0.00623616	0.00463507	0.00320708	0.00205132	

0.0025664	0.00397335	0.00569947	0.0076234	0.00932513	0.0100812	0.00932513	0.0076234	0.00569947	0.00397335	0.0025664	
0.00397335	0.0060261	0.00850979	0.0112494	0.0136422	0.0146985	0.0136422	0.0112494	0.00850979	0.0060261	0.00397335	
